nav2_wp_follower_client:
  ros__parameters:
    paths: [path0]
    path0:
      waypoints: [wp0, wp1, wp2, wp3, wp4, wp5, wp6, wp7, wp8, wp9, wp10, wp11, wp12, wp13, wp14, wp15, wp16]
      wp0: [45.00003400486826, 7.99999246104236, 150.3771442808211, -0.9890471945001084]
      wp1: [45.00003461691768, 8.00002263320061, 150.3772627236322, 1.393823635328252]
      wp2: [45.00004910358184, 8.000000426541252, 150.3772086286917, -2.543410479214657]
      wp3: [45.00002759308298, 8.000001918882592, 150.3774385098368, -0.2132000236893769]
      wp4: [45.0000437913451, 8.000021733542034, 150.3771334867924, 2.177978118727371]
      wp5: [45.00004286718253, 7.999992673552144, 150.377121518366, -1.853750020045155]
      wp6: [45.00002763197993, 8.000011236135316, 150.3769747707993, 0.4111586982154884]
      wp7: [45.00004768282846, 8.000016280387007, 150.3772042840719, 2.707414349131317]
      wp8: [45.00003684462285, 7.999991082089214, 150.3773910868913, -1.26436242974825]
      wp9: [45.00003127233082, 8.000019339919261, 150.3772717025131, 1.023127655585769]
      wp10: [45.0000498147798, 8.000007169550267, 150.3773101232946, -3.057238490301363]
      wp11: [45.00003184430896, 7.999994227147652, 150.37678917218, -0.7975330258307475]
      wp12: [45.00003572983173, 8.000021780409149, 150.3776132259518, 1.445745846082689]
      wp13: [45.00004896129106, 7.999999818252955, 150.377490661107, -2.542397107672748]
      wp14: [45.00002821720919, 8.000000713592552, 150.3772551594302, -0.2298683277208142]
      wp15: [45.00004279433997, 8.000021597142466, 150.3771137110889, 2.059869379516476]
      wp16: [45.00004367116377, 7.999992531862229, 150.3771444819868, -1.883472318745814]